-- Max dist : 0.747378 
-- Min dist : 0.008630 
fbmslam: 34 good matches found
fbmslam: 33 inlier matches found
fbmslam: Relative Camera Pose:

fbmslam: Relative Rotation Matrix R =
[0.999994034744303, -0.002266862169145327, -0.002606110457377353;
 0.002255167537002573, 0.999987414642475, -0.004481604181391097;
 0.002616236837521393, 0.004475700231774918, 0.9999865616158274]

fbmslam: Relative Translation Matrix t =
[0.06890430802572367;
 -0.06969278162599599;
 -0.9951859688142349]

fbmslam: Camera Calibration Matrix K =
[923.5295, 0, 507.2222;
 0, 922.2418, 383.5822;
 0, 0, 1]

fbmslam: Projection Matrix P =
[924.8510043148374, 0.1766604324616843, 504.8085638655691;
 3.083351650484318, 923.9469921986672, 379.443922567901;
 0.002616236837521393, 0.004475700231774918, 0.9999865616158274]

fbmslam: Euler Angles in radians:
fbmslam: thetaX =4.13502e-06
fbmslam: thetaY =-1.5708
fbmslam: thetaZ =0.00447573
