-- Max dist : 0.671161 
-- Min dist : 0.055168 
fbmslam: 31 good matches found
fbmslam: 29 inlier matches found
fbmslam: Relative Camera Pose:

fbmslam: Relative Rotation Matrix R =
[0.9877318537416483, -0.1549809290276139, -0.01914932745096234;
 0.1561023418327119, 0.9832357186603347, 0.09423152564210584;
 0.004224213350405931, -0.09606473436299739, 0.9953661250179942]

fbmslam: Relative Translation Matrix t =
[-0.2386849943197797;
 -0.08713909138057915;
 0.9671795346469723]

fbmslam: Camera Calibration Matrix K =
[923.5295, 0, 507.2222;
 0, 922.2418, 383.5822;
 0, 0, 1]

fbmslam: Projection Matrix P =
[914.3421198089599, -191.8556258004228, 487.1868269309785;
 145.5844377662336, 869.9323568522266, 468.7089798647991;
 0.004224213350405931, -0.09606473436299739, 0.9953661250179942]

fbmslam: Euler Angles in radians:
fbmslam: thetaX =1.08022e-05
fbmslam: thetaY =-1.5708
fbmslam: thetaZ =-0.0973935
